14
56
147
327
541
933
1309
1686
2233
2892
3548
4127
4856
5796
6643
7607
8529
9587
10649
11835
13045
14134
15467
16720
17977
19409
20864
22228
23674
25169
26639
28078
29684
31161
32736
34434
35837
37494
38971
40675
42295
43747
45279
46843
48480
50086
51561
53133
54552
56113
57614
59079
60596
61934
63310
64566
65932
67242
68576
69818
71033
72320
73494
74609
75704
76815
77839
78856
79835
80763
81635
82448
83250
84130
84901
85678
86371
87072
87795
88415
89074
89655
90197
90753
91204
91714
92181
92627
93034
93402
93835
94152
94473
94803
95103
95395
95625
95879
96133
96359
96593
96779
96964
97135
97295
97479
97633
97755
97878
97990
98095
98198
98303
98396
98488
98579
98667
98740
98819
98886
98951
99002
99051
99113
99168
99219
99270
99315
99350
99388
99427
99467
99491
99516
99546
99572
99595
99616
99634
99654
99678
99695
99711
99731
99743
99757
99770
99781
99797
99805
99817
99826
99832
99839
99848
99853
99858
99863
99869
99878
99881
99887
99894
99898
99900
99906
99913
99918
99921
99923
99924
99926
99929
99932
99938
99944
99947
99948
99951
99952
99952
99956
99959
99960
99963
99965
99966
99968
99969
99971
99972
99974
99976
99977
99978
99978
99978
99979
99980
99982
99983
99983
99983
99985
99985
99985
99985
99986
99987
99987
99987
99988
99988
99988
99991
99993
99993
99994
99995
